int
0
1
5
6
7
0
1
2
3
4
5
6
7
0
5
6
7
0
0
0
0
0
0
0
0
0
1
2
3
4
5
6
0
0
0
0
0
0
368
370
0
0
0
0
0
0
0
0
0
0
0
1
2
3
4
5
6
7
8
370
0
7
368
0
7
0
7
0
0
0
0
0
0
0
0
0
1
7
8
369
0
7
8
369
0
7
8
369
0
7
8
369
0
0
0
0
0
0
0
0
0
0
1
2
3
4
5
6
7
368
8
369
0
5
0
5
1
370
0
0
0
0
0
0
0
0
0
1
2
3
4
5
7
0
5
7
0
5
7
1
370
8
369
0
0
0
0
0
0
0
0
0
1
5
7
8
369
0
5
7
8
369
0
5
7
8
369
0
5
7
8
369
0
0
0
0
0
0
1
5
370
0
5
370
0
5
370
0
1
5
370
0
0
0
0
0
0
0
0
0
0
0
0
0
1
5
7
370
0
5
7
370
0
5
7
370
0
5
7
370
0
0
0
0
0
0
0
0
0
0
0
1
5
7
8
369
370
0
5
7
8
369
370
0
5
7
8
369
370
0
5
7
8
369
370
0
0
0
0
0
0
0
0
0
1
2
3
4
5
6
7
8
8
369
0
6
2
368
1
370
0
0
0
0
0
0
0
0
0
1
2
3
4
6
7
0
6
7
0
6
7
1
370
8
369
0
0
0
0
0
0
0
0
0
1
6
7
8
369
0
6
7
8
369
0
6
7
8
369
0
6
7
8
369
0
0
0
0
0
0
1
2
3
4
5
6
7
8
9
10
11
0
5
6
0
5
6
0
5
6
0
0
0
0
0
1
2
3
4
5
6
7
8
9
10
11
12
13
14
15
0
5
6
7
0
5
6
7
0
0
0
1
5
6
7
8
369
0
5
6
7
8
369
0
5
6
7
8
369
0
0
0
0
0
0
0
0
0
0
0
0
0
1
5
6
370
0
5
6
370
0
5
6
370
0
5
6
370
0
0
0
0
0
0
0
0
0
0
0
1
5
6
7
370
0
5
6
7
370
0
5
6
7
370
0
5
6
7
370
0
0
0
0
0
0
0
0
1
5
6
7
8
369
370
0
5
6
7
8
369
370
0
5
6
7
8
369
370
0
5
6
7
8
369
370
0
0
0
0
0
0
0
6
368
370
0
6
368
0
6
368
0
1
6
368
0
0
0
0
0
0
0
0
0
0
0
0
0
1
6
7
368
0
6
7
368
0
6
7
368
0
6
7
368
0
0
0
0
0
0
0
0
0
0
0
1
6
7
8
368
369
0
6
7
8
368
369
0
6
7
8
368
369
0
6
7
8
368
369
0
0
0
0
0
0
0
0
0
1
5
6
368
0
5
6
368
0
5
6
368
0
5
6
368
0
0
0
0
0
0
0
0
0
0
0
1
5
6
7
368
0
5
6
7
368
0
5
6
7
368
0
5
6
7
368
0
0
0
0
0
0
0
0
1
5
6
7
8
368
369
0
5
6
7
8
368
369
0
5
6
7
8
368
369
0
5
6
7
8
368
369
0
0
0
0
0
0
0
4
5
6
368
370
0
5
6
368
370
0
5
6
368
370
0
5
6
368
370
0
0
0
0
0
0
0
0
1
5
6
7
368
370
0
5
6
7
368
370
0
5
6
7
368
370
0
5
6
7
368
370
0
0
0
0
0
0
0
0
0
1
5
6
7
8
368
369
370
0
5
6
7
8
368
369
370
0
5
6
7
8
368
369
370
0
5
6
7
8
368
369
370
0
5
6
7
8
368
369
370
