int
0
1
2
5
6
7
369
0
1
2
5
6
7
370
0
5
6
7
368
0
0
0
0
0
0
0
1
2
3
4
5
6
7
8
9
10
11
12
13
14
369
2
368
0
368
8
369
0
0
0
0
1
2
3
4
5
6
7
8
9
369
0
1
7
2
368
1
370
8
369
0
0
0
0
0
0
1
7
8
369
370
0
7
8
368
369
0
7
8
369
0
0
0
0
0
0
0
0
0
0
0
0
1
2
3
4
5
6
7
8
369
0
1
5
368
0
5
0
5
0
0
0
0
0
0
0
0
1
2
3
4
5
7
368
0
5
7
0
5
7
0
1
5
7
0
0
0
0
0
0
0
0
1
5
7
8
368
369
0
5
7
8
369
0
1
5
7
8
369
0
0
0
0
0
0
0
0
0
5
8
369
370
0
1
2
3
4
5
370
0
5
368
370
0
0
0
0
0
0
0
0
0
0
0
1
2
5
7
370
0
5
7
368
370
0
1
2
4
5
7
370
0
0
0
0
0
0
0
0
0
0
1
2
5
7
8
369
370
0
5
7
8
369
370
5
370
0
1
2
368
0
0
0
0
1
2
0
0
0
368
0
3
0
0
1
2
3
4
5
6
7
8
369
0
1
6
370
0
6
0
6
0
0
0
0
0
0
0
0
1
2
3
4
6
7
370
0
6
7
0
6
7
0
1
6
7
0
0
0
0
0
0
0
0
1
6
7
8
369
370
0
6
7
8
369
0
1
6
7
8
369
0
0
0
0
0
0
0
0
0
1
2
3
4
5
6
7
8
9
10
11
369
0
8
369
0
1
370
0
2
368
0
368
0
0
1
2
3
4
5
6
7
8
9
10
11
12
13
14
15
16
8
369
2
368
8
369
1
370
0
0
1
2
5
6
7
8
369
0
5
6
7
8
369
0
5
6
7
8
369
0
0
0
0
0
0
0
0
0
0
0
0
5
6
8
369
370
0
1
5
6
370
0
1
2
4
5
6
370
0
0
0
0
0
0
0
0
0
0
1
4
5
6
7
370
0
1
5
6
7
370
0
5
6
7
370
0
0
0
0
0
0
0
0
0
0
0
1
2
5
6
7
8
369
370
0
5
6
7
8
369
370
2
368
5
370
0
1
2
368
0
0
0
0
1
2
0
0
368
3
0
0
6
8
368
369
0
1
2
3
4
6
368
0
2
6
368
0
0
0
0
0
0
0
0
0
0
0
1
2
6
7
368
0
3
6
7
368
0
1
2
6
7
368
370
0
0
0
0
0
0
0
0
0
0
1
2
6
7
8
368
369
0
6
7
8
368
369
1
370
0
1
6
368
0
0
0
0
1
2
0
0
0
370
0
4
0
0
5
6
8
368
369
0
3
5
6
368
0
1
2
3
5
6
368
0
0
0
0
0
0
0
0
0
0
1
2
5
6
7
368
0
3
5
6
7
368
0
5
6
7
368
0
0
0
0
0
0
0
0
0
0
0
1
2
5
6
7
8
368
369
0
5
6
7
8
368
369
6
368
1
370
0
1
2
0
0
370
0
0
1
2
0
0
370
4
0
0
5
6
8
368
369
370
0
3
5
6
368
370
0
2
5
6
368
370
0
1
2
5
6
368
370
0
0
0
1
4
5
6
7
368
370
0
3
5
6
7
368
370
0
2
5
6
7
368
370
0
1
5
6
7
368
370
0
0
0
0
0
1
4
5
6
7
8
368
369
370
0
3
5
6
7
8
368
369
370
0
2
5
6
7
8
368
369
370
0
1
5
6
7
8
368
369
370
0
0
0
0
