int
0
1
2
5
6
7
370
0
1
2
5
6
7
369
0
5
6
7
368
0
0
0
0
0
0
0
1
2
3
4
5
6
7
8
9
10
11
12
13
14
370
2
368
0
368
8
370
0
0
0
0
1
2
3
4
5
6
7
8
9
370
0
1
7
2
368
1
369
8
370
0
0
0
0
0
0
1
7
8
369
370
0
7
8
368
370
0
7
8
370
0
0
0
0
0
0
0
0
0
0
0
0
1
2
3
4
5
6
7
8
370
0
1
5
368
0
5
0
5
0
0
0
0
0
0
0
0
1
2
3
4
5
7
368
0
5
7
0
5
7
0
1
5
7
0
0
0
0
0
0
0
0
1
5
7
8
368
370
0
5
7
8
370
0
1
5
7
8
370
0
0
0
0
0
0
0
0
0
5
8
369
370
0
1
2
3
4
5
369
0
5
368
369
0
0
0
0
0
0
0
0
0
0
0
1
2
5
7
369
0
5
7
368
369
0
1
2
4
5
7
369
0
0
0
0
0
0
0
0
0
0
1
2
5
7
8
369
370
0
5
7
8
369
370
5
369
0
1
2
368
0
0
0
0
1
2
0
0
0
368
0
3
0
0
1
2
3
4
5
6
7
8
370
0
1
6
369
0
6
0
6
0
0
0
0
0
0
0
0
1
2
3
4
6
7
369
0
6
7
0
6
7
0
1
6
7
0
0
0
0
0
0
0
0
1
6
7
8
369
370
0
6
7
8
370
0
1
6
7
8
370
0
0
0
0
0
0
0
0
0
1
2
3
4
5
6
7
8
9
10
11
370
0
8
370
0
1
369
0
2
368
0
368
0
0
1
2
3
4
5
6
7
8
9
10
11
12
13
14
15
16
8
370
2
368
8
370
1
369
0
0
1
2
5
6
7
8
370
0
5
6
7
8
370
0
5
6
7
8
370
0
0
0
0
0
0
0
0
0
0
0
0
5
6
8
369
370
0
1
5
6
369
0
1
2
4
5
6
369
0
0
0
0
0
0
0
0
0
0
1
4
5
6
7
369
0
1
5
6
7
369
0
5
6
7
369
0
0
0
0
0
0
0
0
0
0
0
1
2
5
6
7
8
369
370
0
5
6
7
8
369
370
2
368
5
369
0
1
2
368
0
0
0
0
1
2
0
0
368
3
0
0
6
8
368
370
0
1
2
3
4
6
368
0
2
6
368
0
0
0
0
0
0
0
0
0
0
0
1
2
6
7
368
0
3
6
7
368
0
1
2
6
7
368
369
0
0
0
0
0
0
0
0
0
0
1
2
6
7
8
368
370
0
6
7
8
368
370
1
369
0
1
6
368
0
0
0
0
1
2
0
0
0
369
0
4
0
0
5
6
8
368
370
0
3
5
6
368
0
1
2
3
5
6
368
0
0
0
0
0
0
0
0
0
0
1
2
5
6
7
368
0
3
5
6
7
368
0
5
6
7
368
0
0
0
0
0
0
0
0
0
0
0
1
2
5
6
7
8
368
370
0
5
6
7
8
368
370
6
368
1
369
0
1
2
0
0
369
0
0
1
2
0
0
369
4
0
0
5
6
8
368
369
370
0
3
5
6
368
369
0
2
5
6
368
369
0
1
2
5
6
368
369
0
0
0
1
4
5
6
7
368
369
0
3
5
6
7
368
369
0
2
5
6
7
368
369
0
1
5
6
7
368
369
0
0
0
0
0
1
4
5
6
7
8
368
369
370
0
3
5
6
7
8
368
369
370
0
2
5
6
7
8
368
369
370
0
1
5
6
7
8
368
369
370
0
0
0
0
