int
0
369
0
0
1
2
3
4
5
6
7
8
9
10
11
370
0
1
0
1
0
0
0
2
1
0
1
2
3
4
5
6
7
8
9
10
11
12
13
14
15
370
1
369
0
369
0
1
0
0
0
1
2
3
4
5
6
7
8
9
10
370
0
1
2
3
4
5
7
0
7
0
0
0
0
2
368
0
0
1
2
3
0
1
2
0
1
2
3
4
5
0
1
0
0
368
369
0
0
4
3
0
1
2
3
4
5
6
7
8
9
10
11
0
1
2
3
4
8
370
0
0
0
369
0
0
0
1
2
3
4
5
6
7
368
0
8
370
0
1
8
370
0
1
2
0
0
369
0
0
0
2
368
0
0
0
1
2
3
369
0
1
2
3
0
0
1
2
3
4
0
0
368
369
0
4
3
8
370
0
1
2
3
8
370
0
1
2
3
4
5
6
0
1
0
0
0
0
0
368
0
0
3
8
370
0
1
2
8
370
0
2
368
0
1
2
3
4
0
1
2
3
0
0
0
0
0
368
0
3
0
1
2
3
5
7
8
369
370
0
1
5
7
8
368
369
370
0
1
2
3
4
5
6
7
8
9
10
11
12
13
369
370
0
1
2
3
4
5
6
7
8
9
10
11
0
1
2
3
4
8
370
0
368
0
0
0
0
0
1
2
3
4
5
6
7
368
0
8
370
0
1
8
370
0
1
2
368
0
0
0
0
0
2
368
0
368
0
1
2
3
0
0
1
2
3
0
0
1
2
3
4
0
0
368
369
0
4
3
0
1
2
3
4
5
6
7
8
9
10
11
12
370
0
5
6
0
5
6
0
0
0
0
0
0
1
2
3
4
5
6
7
8
9
10
11
12
13
14
15
16
17
0
5
6
7
0
5
6
7
0
1
2
3
5
6
7
8
370
1
369
0
1
2
368
0
368
0
1
2
3
0
369
0
0
0
0
368
369
4
3
5
369
0
1
2
8
370
0
1
2
0
1
2
3
368
0
1
2
3
0
0
0
0
0
368
0
3
8
370
5
369
0
1
8
370
0
1
8
370
0
1
0
1
2
3
368
0
0
1
0
0
0
0
368
3
0
1
2
4
5
6
7
8
369
370
0
1
2
5
6
7
8
369
370
0
1
2
3
4
5
6
7
8
9
10
11
12
13
369
370
8
370
0
1
2
3
8
370
0
1
2
3
4
5
6
0
1
0
0
0
0
0
369
0
0
4
8
370
0
1
2
8
370
0
6
368
0
1
2
3
4
0
1
2
3
0
0
0
0
0
369
0
4
0
1
2
3
6
7
8
368
370
0
1
3
6
7
8
368
370
0
1
2
3
4
5
6
7
8
9
10
11
12
368
369
370
1
369
0
1
2
8
370
0
1
2
0
1
2
3
4
0
1
2
3
369
0
0
0
0
369
0
4
8
370
1
369
0
1
8
370
0
1
8
370
0
1
0
1
2
3
4
0
0
369
0
0
0
0
369
4
0
1
2
3
5
6
7
8
368
370
0
1
3
5
6
7
8
368
370
0
1
2
3
4
5
6
7
8
9
10
11
12
13
368
370
6
368
5
369
0
1
8
370
0
1
8
370
0
1
0
1
2
0
0
1
2
3
0
0
0
1
2
0
0
1
2
3
5
6
7
368
369
8
370
0
5
369
8
370
0
1
8
370
0
6
368
0
1
2
0
0
0
1
0
0
0
0
1
2
3
5
6
7
8
368
369
370
0
1
5
6
7
8
368
369
370
5
369
0
1
6
368
0
0
1
0
0
0
1
2
0
0
0
0
0
0
0
